01/01/08	7.4 (7.45)	7.52 (7.5)
02/01/08	7.4 (7.45)	7.52 (7.5)
03/01/08	7.42 (7.43)	7.52 (7.51)
04/01/08	7.45 (7.46)	7.55 (7.53)
05/01/08	7.45 (7.46)	7.55 (7.53)
06/01/08	7.45 (7.46)	7.55 (7.54)
07/01/08	7.45 (7.47)	7.55 (7.54)
08/01/08	7.43 (7.46)	7.53 (7.5)
09/01/08	7.43 (7.45)	7.51 (7.48)
10/01/08	7.42 (7.45)	7.5 (7.5)
11/01/08	7.45 (7.47)	7.53 (7.52)
14.01.2008	7.5 (7.52)	7.57 (7.56)
15.01.2008	7.52 (7.53)	7.58 (7.57)
16.01.2008	7.48 (7.49)	7.55 (7.54)
17.01.2008	7.41 (7.44)	7.49 (7.48)
18.01.2008	7.43 (7.44)	7.5 (7.48)
21.01.2008	7.35 (7.37)	7.45 (7.41)
22.01.2008	7.34 (7.37)	7.44 (7.43)
23.01.2008	7.38 (7.4)	7.48 (7.45)
24.01.2008	7.44 (7.46)	7.52 (7.51)
25.01.2008	7.46 (7.47)	7.54 (7.52)
28.01.2008	7.46 (7.49)	7.54 (7.53)
29.01.2008	7.48 (7.5)	7.55 (7.53)
30.01.2008	7.48 (7.5)	7.55 (7.54)
31.01.2008	7.52 (7.53)	7.6 (7.57)
01/02/08	7.52 (7.55)	7.6 (7.6)
04/02/08	7.5 (7.52)	7.58 (7.56)
05/02/08	7.45 (7.47)	7.55 (7.53)
06/02/08	7.4 (7.43)	7.5 (7.47)
07/02/08	7.35 (7.38)	7.46 (7.45)
08/02/08	7.35 (7.37)	7.45 (7.43)
11/02/08	7.37 (7.37)	7.46 (7.43)
12/02/08	7.37 (7.4)	7.45 (7.45)
13.02.2008	7.38 (7.4)	7.46 (7.44)
14.02.2008	7.4 (7.42)	7.48 (7.45)
15.02.2008	7.42 (7.44)	7.49 (7.48)
18.02.2008	7.42 (7.43)	7.49 (7.47)
19.02.2008	7.45 (7.47)	7.52 (7.51)
20.02.2008	7.4 (7.43)	7.49 (7.47)
21.02.2008	7.44 (7.45)	7.5 (7.48)
22.02.2008	7.45 (7.47)	7.53 (7.52)
25.02.2008	7.45 (7.48)	7.53 (7.52)
26.02.2008	7.48 (7.5)	7.56 (7.55)
27.02.2008	7.55 (7.57)	7.65 (7.63)
28.02.2008	7.6 (7.6)	7.68 (7.64)
29.02.2008	7.66 (7.67)	7.73 (7.71)
03/03/08	7.65 (7.67)	7.72 (7.71)
04/03/08	7.66 (7.68)	7.73 (7.72)
05/03/08	7.065 (7.68)	7.73 (7.72)
06/03/08	7.72 (7.73)	7.8 (7.775)
07/03/08	7.75 (7.77)	7.84 (7.81)
11/03/08	7.76 (7.76)	7.86 (7.8)
12/03/08	7.77 (7.79)	7.87 (7.85)
13.03.2008	7.83 (7.86)	7.93 (7.91)
14.03.2008	7.83 (7.84)	7.92 (7.89)
17.03.2008	7.93 (7.95)	8.05 (8.04)
18.03.2008	7.93 (7.95)	8.03 (8.02)
19.03.2008	7.88 (7.9)	8 (7.99)
20.03.2008	7.7 (7.73)	7.83 (7.82)
21.03.2008	7.7 (7.73)	7.8 (7.78)
23.03.2008	7.63 (7.65)	7.8 (7.75)
24.03.2008	7.58 (7.6)	7.7 (7.68)
25.03.2008	7.64 (7.7)	7.8 (7.8)
26.03.2008	7.8 (7.85)	7.95 (7.92)
27.03.2008	7.88 (7.9)	8 (7.98)
28.03.2008	7.87 (7.9)	7.97 (7.95)
30.03.2008	7.87 (7.89)	7.95 (7.95)
31.03.2008	7.86 (7.89)	7.95 (7.94)
01/04/08	7.8 (7.83)	7.9 (7.87)
02/04/08	7.79 (7.82)	7.9 (7.88)
03/04/08	7.77 (7.78)	7.87 (7.85)
04/04/08	7.83 (7.85)	7.93 (7.9)
07/04/08	7.8 (7.83)	7.9 (7.88)
08/04/08	7.82 (7.84)	7.92 (7.88)
09/04/08	7.83 (7.85)	7.93 (7.89)
10/04/08	7.9 (7.9)	8 (7.95)
11/04/08	7.87 (7.89)	7.97 (7.94)
12/04/08	7.87 (7.9)	7.97 (7.95)
13.04.2008	7.87 (7.9)	7.97 (7.95)
14.04.2008	7.88 (7.9)	7.98 (7.95)
15.04.2008	7.85 (7.87)	7.95 (7.92)
16.04.2008	7.86 (7.88)	8 (7.98)
17.04.2008	7.82 (7.85)	7.92 (7.9)
18.04.2008	7.81 (7.84)	7.91 (7.9)
21.04.2008	7.84 (7.86)	7.95 (7.93)
22.04.2008	7.83 (7.84)	7.92 (7.89)
23.04.2008	7.8 (7.83)	7.9 (7.88)
24.04.2008	7.65 (7.7)	7.82 (7.79)
25.04.2008	7.55 (7.6)	7.7 (7.7)
29.04.2008	7.58 (7.6)	7.7 (7.68)
30.04.2008	7.58 (4.59)	7.7 (7.65)
01/05/08	7.6 (7.62)	7.7 (7.69)
05/05/08	7.52 (7.55)	7.64 (7.6)
06/05/08	7.52 (7.55)	7.64 (7.6)
07/05/08	7.48 (7.5)	7.6 (7.55)
08/05/08	7.45 (7.46)	7.58 (7.55)
12/05/08	7.43 (7.47)	7.53 (7.53)
13.05.2008	7.44 (7.45)	7.54 (7.5)
14.05.2008	7.4 (7.4)	7.5 (7.46)
15.05.2008	7.43 (7.43)	7.53 (7.49)
16.05.2008	7.37 (7.39)	7.47 (7.44)
19.05.2008	7.3 (7.34)	7.45 (7.43)
20.05.2008	7.25 (7.28)	7.37 (7.33)
21.05.2008	7.2 (7.2)	7.3 (7.27)
22.05.2008	7.4 (7.42)	7.55 (7.5)
23.05.2008	7.35 (7.42)	7.5 (7.47)
26.05.2008	7.42 (7.44)	7.55 (7.5)
27.05.2008	7.45 (7.48)	7.6 (7.56)
28.05.2008	7.45 (7.48)	7.58 (7.54)
29.05.2008	7.42 (7.45)	7.55 (7.5)
30.05.2008	7.4 (7.44)	7.5 (7.49)
02/06/08	7.4 (7.41)	7.5 (7.46)
03/06/08	7.35 (7.38)	7.5 (7.45)
04/06/08	7.35 (7.37)	7.45 (7.42)
05/06/08	7.35 (7.38)	7.45 (7.435)
06/06/08	7.4 (7.43)	7.55 (7.5)
09/06/08	7.4 (7.44)	7.5 (7.49)
10/06/08	7.35 (7.35)	7.45 (7.41)
11/06/08	7.32 (7.35)	7.42 (7.4)
12/06/08	7.3 (7.32)	7.4 (7.37)
13.06.2008	7.25 (7.27)	7.35 (7.34)
16.06.2008	7.25 (7.28)	7.35 (7.33)
17.06.2008	7.28 (7.29)	7.38 (7.34)
18.06.2008	7.25 (7.28)	7.35 (7.34)
19.06.2008	7.25 (7.28)	7.35 (7.33)
20.06.2008	7.25 (7.28)	7.35 (7.32)
23.06.2008	7.22 (7.22)	7.33 (7.29)
24.06.2008	7.2 (7.23)	7.3 (7.27)
25.06.2008	7.2 (7.22)	7.3 (7.26)
26.06.2008	7.2 (7.24)	7.3 (7.29)
27.06.2008	7.2 (7.24)	7.3 (7.28)
01/07/08	7.18 (7.21)	7.28 (7.25)
02/07/08	7.18 (7.21)	7.28 (7.25)
03/07/08	7.2 (7.21)	7.3 (7.28)
04/07/08	7.17 (7.19)	7.27 (7.24)
05/07/08	7.17 (7.19)	7.27 (7.23)
07/07/08	7.15 (7.17)	7.25 (7.21)
08/07/08	7.15 (7.17)	7.25 (7.21)
09/07/08	7.15 (7.18)	7.25 (7.22)
10/07/08	7.18 (7.2)	7.28 (7.24)
11/07/08	7.2 (7.24)	7.3 (7.28)
14.07.2008	7.25 (7.26)	7.35 (7.3)
15.07.2008	7.28 (7.29)	7.35 (7.33)
16.07.2008	7.28 (7.29)	7.35 (7.33)
17.07.2008	7.25 (7.28)	7.33 (7.32)
18.07.2008	7.26 (7.28)	7.35 (7.32)
21.07.2008	7.26 (7.28)	7.35 (7.32)
22.07.2008	7.28 (7.3)	7.37 (7.34)
23.07.2008	7.22 (7.25)	7.32 (7.29)
24.07.2008	7.2 (7.23)	7.3 (7.27)
25.07.2008	7.2 (7.24)	7.3 (7.28)
28.07.2008	7.2 (7.24)	7.3 (7.28)
29.07.2008	7.25 (7.27)	7.35 (7.33)
30.07.2008	7.24 (7.25)	7.33 (7.31)
31.07.2008	7.25 (7.28)	7.35 (7.32)
01/08/08	7.24 (7.26)	7.34 (7.3)
02/08/08	7.23 (7.25)	7.33 (7.3)
04/08/08	7.23 (7.26)	7.33 (7.3)
05/08/08	7.2 (7.23)	7.3 (7.27)
06/08/08	7.2 (7.23)	7.3 (7.27)
07/08/08	7.17 (7.2)	7.26 (7.25)
08/08/08	7 (7.04)	7.15 (7.12)
11/08/08	7 (7.01)	7.1 (7.07)
12/08/08	6.92 (6.94)	7.05 (6.98)
13.08.2008	6.93 (6.95)	7.02 (7)
14.08.2008	6.92 (6.95)	7.02 (6.99)
15.08.2008	6.85 (6.87)	6.95 (6.92)
18.08.2008	6.83 (6.85)	6.93 (6.885)
19.08.2008	6.78 (6.81)	6.88 (6.85)
20.08.2008	6.8 (6.83)	6.9 (6.86)
21.08.2008	6.82 (6.84)	6.92 (6.88)
22.08.2008	6.85 (6.88)	6.95 (6.92)
23.08.2008	6.82 (6.85)	6.92 (6.91)
25.08.2008	6.8 (6.85)	6.9 (6.89)
26.08.2008	6.76 (6.78)	6.86 (6.84)
27.08.2008	6.84 (6.85)	6.97 (6.95)
28.08.2008	6.85 (6.88)	6.95 (6.92)
29.08.2008	6.85 (6.88)	6.95 (6.92)
30.08.2008	6.85 (6.87)	6.95 (6.93)
01/09/08	6.83 (6.85)	6.93 (6.9)
02/09/08	6.85 (6.87)	7 (6.97)
03/09/08	6.86 (6.88)	6.96 (6.95)
04/09/08	6.88 (6.9)	6.98 (6.96)
05/09/08	6.76 (6.79)	6.9 (6.85)
06/09/08	6.76 (6.8)	6.87 (6.85)
08/09/08	6.78 (6.8)	6.87 (6.85)
09/09/08	6.72 (6.75)	6.82 (6.79)
10/09/08	6.73 (6.76)	6.83 (6.79)
11/09/08	6.65 (6.7)	6.78 (6.75)
12/09/08	6.72 (6.75)	6.82 (6.82)
13.09.2008	6.77 (6.8)	6.87 (6.85)
15.09.2008	6.75 (6.77)	6.85 (6.84)
16.09.2008	6.83 (6.85)	6.93 (6.9)
17.09.2008	6.9 (6.92)	7.05 (7.03)
18.09.2008	7 (7.15)	7.3 (7.3)
19.09.2008	7.1 (7.12)	7.3 (7.2)
22.09.2008	7.25 (7.27)	7.38 (7.35)
23.09.2008	7.35 (7.4)	7.5 (7.45)
24.09.2008	7.38 (7.42)	7.5 (7.47)
25.09.2008	7.43 (7.46)	7.55 (7.51)
26.09.2008	7.35 (7.38)	7.45 (7.43)
27.09.2008	7.37 (7.39)	7.47 (7.45)
29.09.2008	7.25 (7.26)	7.35 (7.32)
30.09.2008	7.22 (7.25)	7.32 (7.3)
01/10/08	7.15 (7.17)	7.28 (7.24)
02/10/08	7.12 (7.15)	7.25 (7.2)
03/10/08	7.18 (7.2)	7.3 (7.27)
04/10/08	7.15 (7.18)	7.3 (7.26)
06/10/08	7.15 (7.17)	7.4 (7.38)
07/10/08	7.4 (7.45)	7.9 (7.8)
08/10/08	7.6 (7.7)	8.2 (8)
09/10/08	7.4 (7.55)	7.8 (7.78)
10/10/08	7.1 (7.12)	7.5 (7.35)
11/10/08	7 (7.05)	7.5 (7.3)
13.10.2008	7.2 (7.25)	7.5 (7.45)
14.10.2008	7.2 (7.26)	7.5 (7.48)
15.10.2008	7.15 (7.22)	7.45 (7.4)
16.10.2008	7.1 (7.23)	7.4 (7.37)
17.10.2008	7.2 (7.26)	7.5 (7.45)
18.10.2008	7.15 (7.32)	7.5 (7.4)
20.10.2008	7.25 (7.31)	7.5 (7.42)
21.10.2008	7.3 (7.35)	7.6 (7.57)
22.10.2008	7.28 (7.3)	7.6 (7.6)
23.10.2008	7.45 (7.55)	7.8 (7.75)
24.10.2008	7.5 (7.6)	7.87 (7.8)
25.10.2008	7.5 (7.55)	7.87 (7.8)
27.10.2008	7.47 (7.5)	7.8 (7.75)
28.10.2008	7.65 (7.7)	8 (7.9)
29.10.2008	8.4 (8.6)	8.82 (8.82)
30.10.2008	8.2 (8.3)	8.6 (8.6)
31.10.2008	7.5 (7.5)	7.87 (7.8)
01/11/08	7.55 (7.6)	7.85 (7.8)
03/11/08	7.6 (7.61)	7.85 (7.75)
04/11/08	7.4 (7.5)	7.7 (7.67)
05/11/08	7.4 (7.55)	7.75 (7.75)
11/11/08	7.4 (7.46)	7.55 (7.55)
20.11.2008	7.68 (8)	7.685 (8.4)
21.11.2008	7.63 (8.2)	7.636 (8.55)
22.11.2008	7.63 (8.2)	7.636 (8.4)
24.11.2008	7.89 (8.25)	7.894 (8.48)
25.11.2008	8.15 (8.6)	8.16 (8.8)
26.11.2008	8.59 (9.1)	8.594 (9.35)
27.11.2008	8.84 (9.25)	8.85 (9.45)
28.11.2008	8.82 (9)	8.827 (9.3)
29.11.2008	8.82 (8.9)	8.827 (9.25)
01/12/08	8.87 (8.9)	8.884 (9.2)
02/12/08	9.1 (9.15)	9.4 (9.35)
03/12/08	9.15 (9.17)	9.4 (9.35)
04/12/08	9.3 (9.4)	9.65 (9.6)
05/12/08	9.4 (9.45)	9.75 (9.65)
06/12/08	9.35 (9.4)	9.6 (9.55)
08/12/08	9.35 (9.4)	9.65 (9.6)
09/12/08	9.35 (9.48)	9.65 (9.63)
10/12/08	9.6 (9.65)	9.9 (9.85)
11/12/08	9.9 (10)	10.3 (10.25)
12/12/08	10.2 (10.3)	10.6 (10.55)
13.12.2008	10.3 (10.35)	10.6 (10.58)
15.12.2008	10.9 (11)	11.8 (11.7)
16.12.2008	11.2 (11.5)	12 (11.9)
17.12.2008	12 (12.5)	14 (13.58)
18.12.2008	12.4 (12.42)	14.1 (14.05)
19.12.2008	10 (10.3)	13 (11.3)
20.12.2008	10 (10.2)	11.5 (11)
22.12.2008	10.5 (10.7)	12 (11.55)
23.12.2008	10.5 (10.7)	12 (11.5)
24.12.2008	10.3 (10.5)	11.5 (11)
25.12.2008	10 (10.2)	11.2 (10.6)
26.12.2008	10.2 (10.5)	11.2 (11.15)
27.12.2008	10.2 (10.5)	11.2 (11)
29.12.2008	10.6 (10.9)	11.6 (11.5)
30.12.2008	11 (11.1)	11.8 (11.5)
31.12.2008	10.8 (11)	11.8 (11.5)
03/01/09	10.5 (10.68)	11.5 (11.3)
04/01/09	10.5 (10.93)	11.5 (11.37)
05/01/09	10.5 (10.8)	11.4 (11.35)
06/01/09	10.5 (10.8)	11.4 (11.35)
08/01/09	11.8 (11.9)	13 (12.8)
09/01/09	11.5 (11.7)	12.4 (12.3)
10/01/09	11.4 (11.5)	12.2 (12.1)
12/01/09	11.4 (11.7)	12.2 (12.15)
13.01.2009	11.2 (11.65)	12 (11.9)
14.01.2009	11.3 (11.4)	12 (11.7)
15.01.2009	11.1 (11.2)	11.7 (11.45)
16.01.2009	10.9 (11)	11.4 (11.3)
17.01.2009	10.8 (10.9)	11.3 (11.2)
19.01.2009	10.7 (10.8)	11.3 (11)
20.01.2009	10.3 (10.35)	10.7 (10.65)
21.01.2009	10 (10.15)	10.5 (10.45)
22.01.2009	10.3 (10.35)	10.7 (10.6)
23.01.2009	10.6 (10.7)	11.2 (11.2)
24.01.2009	10.5 (10.7)	11.3 (11.2)
26.01.2009	10.5 (10.6)	11.2 (10.8)
27.01.2009	10.5 (10.7)	11.1 (10.9)
28.01.2009	10.5 (10.75)	11 (10.95)
29.01.2009	10.4 (10.45)	10.8 (10.7)
30.01.2009	10.35 (10.4)	10.85 (10.7)
31.01.2009	10.4 (10.5)	10.8 (10.75)
02.02.2009	10.2 (10.45)	10.8 (10.7)
03.02.2009	10.4 (10.5)	10.9 (10.8)
04.02.2009	10.5 (10.65)	11.2 (10.95)
05.02.2009	10.5 (10.7)	11.1 (10.9)
06/02/09    10.5 (10.7) 11 (10.85)
07/02/09    10.6 (10.7) 11.1 (10.95)
09/02/09    10.6 (10.7) 11.1 (10.9)
10/02/09    10.65 (10.7)    11 (10.85)
11/02/09    10.6 (10.65)    10.9 (10.85)
12/02/09    10.5 (10.6) 10.8 (10.75)
13.02.2009  10.5 (10.6) 10.8 (10.7)
14.02.2009  10.5 (10.62)    10.8 (10.72)
16.02.2009  10.45 (10.5)    10.75 (10.65)
17.02.2009  10.4 (10.5) 10.7 (10.65)
18.02.2009  10.4 (10.5) 10.8 (10.75)
19.02.2009  10.75 (10.8)    11.2 (11)
20.02.2009  10.8 (10.9) 11.3 (11.25)
21.02.2009  11 (11.1)   11.6 (11.5)
23.02.2009  11.5 (11.75)    12.2 (12.2)
24.02.2009  11.9 (12)   12.7 (12.3)
25.02.2009  11.4 (11.5) 12.2 (12.15)
26.02.2009  10.5 (10.7) 11.5 (11.2)
27.02.2009  10.7 (10.8) 11.5 (11.4)
28.02.2009  10.7 (10.9) 11.4 (11.4)
02/03/09    10.8 (10.85)    11.3 (11.15)
03/03/09    10.6 (10.7) 11.1 (10.95)
04/03/09    10.4 (10.55)    11 (10.75)
05/03/09    10.5 (10.7) 11 (10.9)
06/03/09    10.7 (10.8) 11.2 (11)
07/03/09    10.7 (10.75)    11.2 (11)
09/03/09    10.7 (10.75)    11.2 (10.95)
10/03/09    10.6 (10.75)    11 (10.95)
11/03/09    10.55 (10.6)    10.85 (10.8)
12/03/09    10.5 (10.55)    10.8 (10.75)
13.03.2009  10.5 (10.55)    10.8 (10.75)
14.03.2009  10.5 (10.5) 10.85 (10.75)
16.03.2009  10.5 (10.6) 10.8 (10.75)
17.03.2009  10.5 (10.6) 10.8 (10.75)
18.03.2009  10.6 (10.67)    11 (11)
19.03.2009  11 (11.1)   11.6 (11.55)
20.03.2009  11 (11.1)   11.5 (11.4)
21.03.2009  10.8 (11)   11.3 (11.25)
23.03.2009  11 (11.1)   11.4 (11.3)
24.03.2009  11 (11.1)   11.4 (11.3)
25.03.2009  10.9 (11.15)    11.3 (11.3)
26.03.2009  11 (11.15)  11.4 (11.3)
27.03.2009  10.9 (10.97)    11.2 (11.15)
28.03.2009  10.9 (10.95)    11.2 (11.15)
30.03.2009  10.8 (10.9) 11.2 (11)
31.03.2009  10.8 (10.9) 11.1 (11.05)
01/04/09    10.8 (10.9) 11.1 (11)
02/04/09    10.9 (11)   11.3 (11.2)
03/04/09    11 (11.03)  11.2 (11.15)