01/01/08	5.04 (5.07)	5.1 (5.09)
02/01/08	5.04 (5.07)	5.1 (5.09)
03/01/08	5.05 (5.07)	5.09 (5.085)
04/01/08	5.05 (5.07)	5.09 (5.085)
05/01/08	5.04 (5.072)	5.095 (5.085)
06/01/08	5.04 (5.07)	5.095 (5.09)
07/01/08	5.04 (5.07)	5.095 (5.09)
08/01/08	5.05 (5.075)	5.095 (5.085)
09/01/08	5.05 (5.075)	5.095 (5.085)
10/01/08	5.05 (5.075)	5.095 (5.085)
11/01/08	5.05 (5.07)	5.095 (5.083)
14.01.2008	5.05 (5.065)	5.09 (5.08)
15.01.2008	5.05 (5.07)	5.085 (5.08)
16.01.2008	5.05 (5.07)	5.085 (5.08)
17.01.2008	5.05 (5.065)	5.085 (5.075)
18.01.2008	5.05 (5.07)	5.085 (5.08)
21.01.2008	5.05 (5.067)	5.085 (5.077)
22.01.2008	5.05 (5.068)	5.085 (5.078)
23.01.2008	5.05 (5.07)	5.085 (5.08)
24.01.2008	5.06 (5.075)	5.09 (5.085)
25.01.2008	5.06 (5.07)	5.09 (5.085)
28.01.2008	5.06 (5.07)	5.09 (5.08)
29.01.2008	5.06 (5.07)	5.09 (5.08)
30.01.2008	5.06 (5.07)	5.09 (5.08)
31.01.2008	5.05 (5.067)	5.085 (5.077)
01/02/08	5.05 (5.07)	5.085 (5.08)
04/02/08	5.05 (5.07)	5.085 (5.08)
05/02/08	5.05 (5.07)	5.085 (5.08)
06/02/08	5.05 (5.07)	5.085 (5.077)
07/02/08	5.05 (5.07)	5.085 (5.077)
08/02/08	5.05 (5.068)	5.085 (5.077)
11/02/08	5.05 (5.067)	5.08 (5.075)
12/02/08	5.05 (5.068)	5.08 (5.077)
13.02.2008	5.05 (5.068)	5.08 (5.077)
14.02.2008	5.05 (5.07)	5.08 (5.078)
15.02.2008	5.05 (5.07)	5.08 (5.078)
18.02.2008	5.05 (5.068)	5.08 (5.077)
19.02.2008	5.06 (5.07)	5.09 (5.085)
20.02.2008	5.06 (5.065)	5.08 (5.08)
21.02.2008	5.05 (5.06)	5.08 (5.07)
22.02.2008	5.04 (5.05)	5.075 (5.07)
25.02.2008	5.04 (5.05)	5.075 (5.065)
26.02.2008	5.045 (5.055)	5.075 (5.065)
27.02.2008	5.05 (5.06)	5.08 (5.07)
28.02.2008	5.05 (5.05)	5.08 (5.065)
29.02.2008	5.04 (5.045)	5.07 (5.057)
03/03/08	5.035 (5.05)	5.065 (5.06)
04/03/08	5.04 (5.048)	5.07 (5.058)
05/03/08	5.035 (5.047)	5.065 (5.055)
06/03/08	5.035 (5.047)	5.065 (5.055)
07/03/08	5.03 (5.045)	5.06 (5.055)
11/03/08	5.03 (5.045)	5.06 (5.055)
12/03/08	5.03 (5.047)	5.06 (5.057)
13.03.2008	5.03 (5.043)	5.06 (5.053)
14.03.2008	5 (5.01)	5.05 (5.045)
17.03.2008	5 (5)		5.05 (5.04)
18.03.2008	5 (5)		5.05 (5.03)
19.03.2008	4.95 (4.95)	5.02 (5)
20.03.2008	4.9 (4.92)	5.02 (4.98)
21.03.2008	4.9 (4.93)	5.02 (4.98)
23.03.2008	4.8 (4.83)	4.98 (4.95)
24.03.2008	4.8 (4.83)	4.95 (4.93)
25.03.2008	4.85 (4.9)	5 (5)
26.03.2008	4.95 (4.97)	5.08 (5.05)
27.03.2008	4.93 (4.97)	5.05 (5.02)
28.03.2008	4.95 (4.98)	5.05 (5.02)
30.03.2008	4.95 (4.98)	5.02 (5.01)
31.03.2008	4.93 (4.96)	5.01 (5)
01/04/08	4.95 (4.97)	5.01 (5)
02/04/08	4.95 (4.97)	5.01 (5)
03/04/08	4.95 (4.98)	5.01 (5)
04/04/08	4.95 (4.98)	5.01 (5)
07/04/08	4.95 (4.975)	5 (4.995)
08/04/08	4.95 (4.98)	5.01 (5)
09/04/08	4.96 (4.99)	5.02 (5.01)
10/04/08	4.95 (4.98)	5.01 (5)
11/04/08	4.95 (4.98)	5 (4.995)
12/04/08	4.95 (4.975)	5 (4.995)
13.04.2008	4.95 (4.975)	5 (4.995)
14.04.2008	4.95 (4.98)	5.01 (4.995)
15.04.2008	4.95 (4.96)	5 (4.98)
16.04.2008	4.93 (4.95)	4.99 (4.975)
17.04.2008	4.9 (4.92)	4.97 (4.95)
18.04.2008	4.92 (4.935)	4.98 (4.955)
21.04.2008	4.92 (4.93)	4.98 (4.95)
22.04.2008	4.9 (4.92)	4.96 (4.945)
23.04.2008	4.88 (4.9)	4.95 (4.925)
24.04.2008	4.8 (4.85)	4.93 (4.9)
25.04.2008	4.75 (4.83)	4.9 (4.89)
29.04.2008	4.75 (4.85)	4.9 (4.88)
30.04.2008	4.75 (4.85)	4.9 (4.88)
01/05/08	4.75 (4.84)	4.9 (4.88)
05/05/08	4.8 (4.85)	4.95 (4.9)
06/05/08	4.8 (4.85)	4.95 (4.89)
07/05/08	4.8 (4.84)	4.9 (4.87)
08/05/08	4.75 (4.84)	4.9 (4.87)
12/05/08	4.8 (4.82)	4.9 (4.85)
13.05.2008	4.78 (4.8)	4.86 (4.84)
14.05.2008	4.75 (4.77)	4.85 (4.82)
15.05.2008	4.75 (4.77)	4.85 (4.81)
16.05.2008	4.73 (4.76)	4.83 (4.8)
19.05.2008	4.65 (4.68)	4.75 (4.74)
20.05.2008	4.6 (4.63)	4.72 (4.68)
21.05.2008	4.5 (4.52)	4.65 (4.6)
22.05.2008	4.65 (4.7)	4.85 (4.8)
23.05.2008	4.65 (4.7)	4.8 (4.75)
26.05.2008	4.67 (4.72)	4.82 (4.76)
27.05.2008	4.72 (4.74)	4.85 (4.78)
28.05.2008	4.74 (4.78)	4.85 (4.81)
29.05.2008	4.75 (4.77)	4.85 (4.82)
30.05.2008	4.75 (4.77)	4.85 (4.8)
02/06/08	4.72 (4.76)	4.82 (4.79)
03/06/08	4.73 (4.76)	4.82 (4.79)
04/06/08	4.72 (4.76)	4.82 (4.78)
05/06/08	4.72 (4.76)	4.82 (4.78)
06/06/08	4.7 (4.75)	4.8 (4.775)
09/06/08	4.7 (4.73)	4.8 (4.755)
10/06/08	4.7 (4.73)	4.8 (4.76)
11/06/08	4.7 (4.73)	4.8 (4.76)
12/06/08	4.7 (4.73)	4.8 (4.76)
13.06.2008	4.68 (4.72)	4.78 (4.75)
16.06.2008	4.65 (4.7)	4.78 (4.74)
17.06.2008	4.68 (4.71)	4.78 (4.74)
18.06.2008	4.68 (4.71)	4.78 (4.74)
19.06.2008	4.67 (4.7)	4.77 (4.725)
20.06.2008	4.65 (4.68)	4.75 (4.71)
23.06.2008	4.62 (4.66)	4.72 (4.69)
24.06.2008	4.6 (4.65)	4.7 (4.675)
25.06.2008	4.6 (4.64)	4.7 (4.665)
26.06.2008	4.6 (4.64)	4.7 (4.66)
27.06.2008	4.57 (4.6)	4.67 (4.64)
01/07/08	4.55 (4.57)	4.65 (4.6)
02/07/08	4.55 (4.57)	4.65 (4.6)
03/07/08	4.55 (4.58)	4.65 (4.61)
04/07/08	4.55 (4.57)	4.65 (4.6)
05/07/08	4.55 (4.58)	4.65 (4.6)
07/07/08	4.55 (4.57)	4.65 (4.6)
08/07/08	4.55 (4.57)	4.65 (4.6)
09/07/08	4.55 (4.58)	4.65 (4.61)
10/07/08	4.57 (4.59)	4.65 (4.62)
11/07/08	4.57 (4.6)	4.65 (4.63)
14.07.2008	4.57 (4.59)	4.65 (4.62)
15.07.2008	4.57 (4.59)	4.65 (4.62)
16.07.2008	4.57 (4.6)	4.65 (4.63)
17.07.2008	4.57 (4.6)	4.65 (4.625)
18.07.2008	4.57 (4.61)	4.65 (4.63)
21.07.2008	4.57 (4.6)	4.65 (4.625)
22.07.2008	4.57 (4.6)	4.65 (4.62)
23.07.2008	4.55 (4.6)	4.65 (4.62)
24.07.2008	4.57 (4.6)	4.65 (4.62)
25.07.2008	4.57 (4.605)	4.65 (4.625)
28.07.2008	4.57 (4.61)	4.65 (4.63)
29.07.2008	4.6 (4.63)	4.7 (4.68)
30.07.2008	4.6 (4.65)	4.7 (4.68)
31.07.2008	4.61 (4.66)	4.7 (4.68)
01/08/08	4.61 (4.66)	4.7 (4.685)
02/08/08	4.6 (4.66)	4.7 (4.68)
04/08/08	4.63 (4.66)	4.7 (4.68)
05/08/08	4.63 (4.66)	4.7 (4.68)
06/08/08	4.63 (4.67)	4.7 (4.685)
07/08/08	4.63 (4.66)	4.7 (4.68)
08/08/08	4.62 (4.66)	4.7 (4.68)
11/08/08	4.63 (4.66)	4.7 (4.69)
12/08/08	4.63 (4.66)	4.7 (4.68)
13.08.2008	4.63 (4.66)	4.7 (4.68)
14.08.2008	4.63 (4.66)	4.69 (4.68)
15.08.2008	4.63 (4.66)	4.69 (4.68)
18.08.2008	4.63 (4.65)	4.69 (4.675)
19.08.2008	4.62 (4.64)	4.68 (4.67)
20.08.2008	4.62 (4.64)	4.67 (4.66)
21.08.2008	4.62 (4.64)	4.67 (4.66)
22.08.2008	4.62 (4.64)	4.68 (4.66)
23.08.2008	4.62 (4.64)	4.68 (4.67)
25.08.2008	4.62 (4.64)	4.68 (4.66)
26.08.2008	4.62 (4.65)	4.67 (4.665)
27.08.2008	4.64 (4.66)	4.72 (4.7)
28.08.2008	4.64 (4.67)	4.72 (4.7)
29.08.2008	4.64 (4.67)	4.72 (4.69)
30.08.2008	4.64 (4.68)	4.72 (4.7)
01/09/08	4.64 (4.68)	4.72 (4.7)
02/09/08	4.7 (4.75)	4.85 (4.83)
03/09/08	4.76 (4.78)	4.84 (4.83)
04/09/08	4.74 (4.77)	4.83 (4.81)
05/09/08	4.74 (4.77)	4.83 (4.795)
06/09/08	4.74 (4.78)	4.82 (4.8)
08/09/08	4.74 (4.79)	4.83 (4.82)
09/09/08	4.76 (4.79)	4.84 (4.81)
10/09/08	4.75 (4.79)	4.83 (4.81)
11/09/08	4.77 (4.82)	4.86 (4.85)
12/09/08	4.77 (4.82)	4.85 (4.84)
13.09.2008	4.77 (4.81)	4.85 (4.84)
15.09.2008	4.78 (4.81)	4.85 (4.83)
16.09.2008	4.78 (4.83)	4.87 (4.85)
17.09.2008	4.85 (4.87)	4.95 (4.93)
18.09.2008	4.93 (5)	5.05 (5.05)
19.09.2008	4.98 (5)	5.1 (5.04)
22.09.2008	5 (5.02)	5.08 (5.05)
23.09.2008	5 (5.04)	5.1 (5.07)
24.09.2008	5.03 (5.07)	5.13 (5.1)
25.09.2008	5.04 (5.08)	5.14 (5.1)
26.09.2008	5.03 (5.07)	5.1 (5.09)
27.09.2008	5.03 (5.07)	5.1 (5.09)
29.09.2008	5.03 (5.06)	5.1 (5.08)
30.09.2008	5.03 (5.06)	5.1 (5.08)
01/10/08	5.05 (5.08)	5.14 (5.11)
02/10/08	5.1 (5.13)	5.2 (5.17)
03/10/08	5.15 (5.17)	5.3 (5.23)
04/10/08	5.15 (5.18)	5.25 (5.23)
06/10/08	5.2 (5.25)	5.4 (5.38)
07/10/08	5.4 (5.45)	5.8 (5.75)
08/10/08	5.6 (5.65)	5.95 (5.9)
09/10/08	5.3 (5.5)	5.7 (5.65)
10/10/08	5.1 (5.2)	5.5 (5.4)
11/10/08	5.1 (5.2)	5.45 (5.35)
13.10.2008	5.18 (5.3)	5.43 (5.4)
14.10.2008	5.2 (5.3)	5.46 (5.43)
15.10.2008	5.2 (5.3)	5.45 (5.4)
16.10.2008	5.25 (5.35)	5.45 (5.44)
17.10.2008	5.3 (5.38)	5.55 (5.48)
18.10.2008	5.3 (5.43)	5.55 (5.5)
20.10.2008	5.3 (5.45)	5.55 (5.52)
21.10.2008	5.48 (5.57)	5.75 (5.7)
22.10.2008	5.7 (5.7)	5.98 (5.98)
23.10.2008	5.75 (5.88)	6 (6)
24.10.2008	5.85 (5.98)	6.14 (6.1)
25.10.2008	5.9 (6)		6.19 (6.15)
27.10.2008	6 (6.03)	6.25 (6.2)
28.10.2008	6.1 (6.15)	6.35 (6.3)
29.10.2008	6.6 (6.7)	6.93 (6.93)
30.10.2008	6.3 (6.3)	6.6 (6.58)
31.10.2008	5.9 (5.95)	6.19 (6.15)
01/11/08	5.9 (6)		6.15 (6.1)
03/11/08	5.9 (5.98)	6.1 (6.05)
04/11/08	5.9 (5.95)	6 (6)
05/11/08	5.8 (5.81)	5.85 (5.85)
11/11/08	5.83 (5.85)	5.865 (5.865)
20.11.2008	6.08 (6.45)	6.083 (6.7)
21.11.2008	6.08 (6.6)	6.088 (6.9)
22.11.2008	6.08 (6.6)	6.088 (6.75)
24.11.2008	6.26 (6.6)	6.264 (6.7)
25.11.2008	6.38 (6.75)	6.389 (6.9)
26.11.2008	6.7 (7.1)	6.708 (7.3)
27.11.2008	6.84 (7.2)	6.842 (7.4)
28.11.2008	6.84 (7)	6.842 (7.3)
29.11.2008	6.84 (7)	6.842 (7.25)
01/12/08	6.97 (7.1)	6.98 (7.3)
02/12/08	7.25 (7.3)	7.5 (7.4)
03/12/08	7.25 (7.3)	7.5 (7.4)
04/12/08	7.3 (7.45)	7.7 (7.65)
05/12/08	7.4 (7.45)	7.7 (7.55)
06/12/08	7.4 (7.45)	7.6 (7.55)
08/12/08	7.35 (7.4)	7.55 (7.5)
09/12/08	7.35 (7.43)	7.6 (7.53)
10/12/08	7.45 (7.5)	7.7 (7.65)
11/12/08	7.6 (7.65)	7.85 (7.8)
12/12/08	7.7 (7.8)	8 (7.9)
13.12.2008	7.75 (7.8)	7.95 (7.9)
15.12.2008	8 (8.2)		8.8 (8.6)
16.12.2008	8.2 (8.4)	8.8 (8.6)
17.12.2008	8.7 (9)		9.7 (9.5)
18.12.2008	8.5 (8.5)	10 (9.1)
19.12.2008	7 (7.5)		9 (8.3)
20.12.2008	7.2 (7.5)	8.5 (8)
22.12.2008	7.5 (7.8)	8.5 (8.2)
23.12.2008	7.7 (7.85)	8.5 (8.15)
24.12.2008	7.5 (7.7)	8.3 (8)
25.12.2008	7.2 (7.3)	8 (7.6)
26.12.2008	7.4 (7.6)	8 (7.9)
27.12.2008	7.4 (7.6)	8 (7.9)
29.12.2008	7.6 (7.7)	8.2 (7.9)
30.12.2008	7.8 (7.9)	8.5 (8.3)
31.12.2008	7.8 (8)		8.5 (8.3)
03/01/09	7.5 (7.8)	8.3 (8.1)
04/01/09	7.5 (7.9)	8.3 (8.2)
05/01/09	8 (8.05)	8.5 (8.3)
06/01/09	8 (8.1)		8.5 (8.4)
08/01/09	8.5 (8.7)	9.5 (9.2)
09/01/09	8.4 (8.7)	9.1 (9.05)
10/01/09	8.4 (8.6)	9.2 (8.9)
12/01/09	8.5 (8.8)	9.1 (9)
13.01.2009	8.5 (8.75)	9.2 (8.9)
14.01.2009	8.5 (8.7)	9.1 (8.8)
15.01.2009	8.4 (8.5)	8.9 (8.65)
16.01.2009	8.2 (8.3)	8.5 (8.45)
17.01.2009	8.1 (8.2)	8.4 (8.35)
19.01.2009	8.1 (8.2)	8.4 (8.3)
20.01.2009	7.9 (8)		8.2 (8.15)
21.01.2009	7.8 (7.9)	8.1 (8)
22.01.2009	7.9 (7.95)	8.1 (8.05)
23.01.2009	8.2 (8.4)	8.6 (8.6)
24.01.2009	8.2 (8.3)	8.6 (8.4)
26.01.2009	8.1 (8.15)	8.5 (8.3)
27.01.2009	8.05 (8.1)	8.3 (8.25)
28.01.2009	8.05 (8.1)	8.25 (8.2)
29.01.2009	7.9 (7.95)	8.1 (8.08)
30.01.2009	8 (8.08)	8.3 (8.25)
31.01.2009	8 (8.15)	8.3 (8.25)
02.02.2009	8 (8.2)		8.3 (8.28)
03.02.2009	8.05 (8.2)	8.3 (8.28)
04.02.2009	8.1 (8.25)	8.35 (8.32)
05.02.2009	8.2 (8.33)	8.4 (8.4)
06/02/09    8.2 (8.3)   8.4 (8.37)
07/02/09    8.2 (8.3)   8.4 (8.35)
09/02/09    8.2 (8.3)   8.4 (8.35)
10/02/09    8.22 (8.28) 8.38 (8.33)
11/02/09    8.2 (8.27)  8.35 (8.33)
12/02/09    8.15 (8.24) 8.3 (8.28)
13.02.2009  8.17 (8.22) 8.33 (8.26)
14.02.2009  8.17 (8.22) 8.3 (8.25)
16.02.2009  8.17 (8.23) 8.3 (8.29)
17.02.2009  8.2 (8.27)  8.35 (8.33)
18.02.2009  8.25 (8.37) 8.45 (8.45)
19.02.2009  8.45 (8.5)  8.65 (8.6)
20.02.2009  8.55 (8.65) 8.83 (8.75)
21.02.2009  8.65 (8.75) 8.9 (8.85)
23.02.2009  8.9 (9) 9.4 (9.4)
24.02.2009  9.2 (9.4)   9.7 (9.6)
25.02.2009  8.8 (9) 9.45 (9.4)
26.02.2009  8.3 (8.5)   9 (8.8)
27.02.2009  8.4 (8.6)   9 (8.9)
28.02.2009  8.5 (8.75)  9 (8.9)
02/03/09    8.5 (8.65)  8.9 (8.78)
03/03/09    8.3 (8.45)  8.7 (8.6)
04/03/09    8.3 (8.4)   8.7 (8.5)
05/03/09    8.4 (8.5)   8.7 (8.6)
06/03/09    8.4 (8.5)   8.7 (8.65)
07/03/09    8.45 (8.53) 8.7 (8.63)
09/03/09    8.45 (8.53) 8.7 (8.63)
10/03/09    8.4 (8.45)  8.65 (8.55)
11/03/09    8.3 (8.35)  8.48 (8.45)
12/03/09    8.2 (8.25)  8.4 (8.35)
13.03.2009  8.15 (8.2)  8.35 (8.28)
14.03.2009  8.1 (8.2)   8.35 (8.3)
16.03.2009  8.1 (8.17)  8.35 (8.25)
17.03.2009  8.1 (8.22)  8.3 (8.27)
18.03.2009  8.2 (8.3)   8.4 (8.4)
19.03.2009  8.3 (8.35)  8.5 (8.5)
20.03.2009  8.2 (8.27)  8.4 (8.35)
21.03.2009  8.15 (8.2)  8.35 (8.3)
23.03.2009  8.15 (8.25) 8.35 (8.32)
24.03.2009  8.2 (8.27)  8.38 (8.33)
25.03.2009  8.2 (8.31)  8.38 (8.38)
26.03.2009  8.2 (8.25)  8.35 (8.33)
27.03.2009  8.2 (8.25)  8.35 (8.32)
28.03.2009  8.2 (8.26)  8.35 (8.32)
30.03.2009  8.2 (8.25)  8.35 (8.32)
31.03.2009  8.2 (8.25)  8.35 (8.3)
01/04/09    8.2 (8.25)  8.3 (8.28)
02/04/09    8.2 (8.24)  8.3 (8.27)
03/04/09    8.15 (8.23) 8.27 (8.25)
